1.54573340e+06 1.54572085e+06 1.54569738e+06 1.54566148e+06
1.54561096e+06 1.54554294e+06 1.54545390e+06 1.54533963e+06
1.54519528e+06 1.54501530e+06 1.54479351e+06 1.54452305e+06
1.54419643e+06 1.54380549e+06 1.54334145e+06 1.54279485e+06
1.54215563e+06 1.54141310e+06 1.54055592e+06 1.53955144e+06
1.53830936e+06 1.53679547e+06 1.53497988e+06 1.53283141e+06
1.53031776e+06 1.52751588e+06 1.52450482e+06 1.52127346e+06
1.51781030e+06 1.51409184e+06 1.51001760e+06 1.50554749e+06
1.50065700e+06 1.49533304e+06 1.48963024e+06 1.48354456e+06
1.47705821e+06 1.47018462e+06 1.46295101e+06 1.45534449e+06
1.44737333e+06 1.43909808e+06 1.43051730e+06 1.42164420e+06
1.41254749e+06 1.40323292e+06 1.39373152e+06 1.38411226e+06
1.37438322e+06 1.36461999e+06 1.35487970e+06 1.34519023e+06
1.33564411e+06 1.32626989e+06 1.31711124e+06 1.30820542e+06
1.29959130e+06 1.29133606e+06 1.28346907e+06 1.27603727e+06
1.26906459e+06 1.26248142e+06 1.25627422e+06 1.25044303e+06
1.24499553e+06 1.23989215e+06 1.23510726e+06 1.23049394e+06
1.22594069e+06 1.22138941e+06 1.21679685e+06 1.21199800e+06
1.20689140e+06 1.20125157e+06 1.19498251e+06 1.18799407e+06
1.18019725e+06 1.17139581e+06 1.16146431e+06 1.15025032e+06
1.13763980e+06 1.12354576e+06 1.10786897e+06 1.09055494e+06
1.07155540e+06 1.05080358e+06 1.02825107e+06 1.00391497e+06
9.77798839e+05 9.49923578e+05 9.20376504e+05 8.89203847e+05
8.56470546e+05 8.22369608e+05 7.87034084e+05 7.50552688e+05
7.13148732e+05 6.75011113e+05 6.36263335e+05 5.97205867e+05
5.58087598e+05 5.19038729e+05 4.80409581e+05 4.42444765e+05
4.05257082e+05 3.69269218e+05 3.34673525e+05 3.01516532e+05
2.70168581e+05 2.40756205e+05 2.13333859e+05 1.88011185e+05
1.64835969e+05 1.43804922e+05 1.24857291e+05 1.07927556e+05
9.29172452e+04 7.97106264e+04 6.81545041e+04 5.81007221e+04
4.94046890e+04 4.19205915e+04 3.55056353e+04 3.00305136e+04
2.53710968e+04 2.14097468e+04 1.80498763e+04 1.52125653e+04
1.28180182e+04 1.07964710e+04 9.09353164e+03 7.65841702e+03
6.44988190e+03 5.43437169e+03 4.58015478e+03 3.86045115e+03
3.25481583e+03 2.74607315e+03 2.31811288e+03 1.95766189e+03
1.65400785e+03 1.39800048e+03 1.18233224e+03 1.00070989e+03
8.47385390e+02 7.17876394e+02 6.08591832e+02 5.16354297e+02
4.38407433e+02 3.72387479e+02 3.16464952e+02 2.69152396e+02
2.29064627e+02 1.95106145e+02 1.66287569e+02 1.41817258e+02
1.21044885e+02 1.03390944e+02 8.83665920e+01 7.55703537e+01
6.46791709e+01 5.54013591e+01 4.74901221e+01 4.07347062e+01
3.49637911e+01 3.00384455e+01 2.58325530e+01 2.22253519e+01
1.91349574e+01 1.64898739e+01 1.42194344e+01 1.22760845e+01
1.06028799e+01 9.16302151e+00 7.92764231e+00 6.86475365e+00
5.94899502e+00 5.15941051e+00 4.47836649e+00 3.89087571e+00
3.38272525e+00 2.94326316e+00 2.56359707e+00 2.23529005e+00
1.95036492e+00 1.70298811e+00 1.48826690e+00 1.30226324e+00
1.14016493e+00 9.98966212e-01 8.76457508e-01 7.69510706e-01
6.76172219e-01 5.94844420e-01 5.23734847e-01 4.61512768e-01
4.07142191e-01 3.59512096e-01 3.17696747e-01 2.81033324e-01
2.48865163e-01 2.20582185e-01 1.95723792e-01 1.73842722e-01
1.54560341e-01 1.37555371e-01 1.22508522e-01 1.09243254e-01
9.75476783e-02 8.71550881e-02 7.79421109e-02 6.97991901e-02
6.25661998e-02 5.61350975e-02 5.04256714e-02 4.53392270e-02
4.08132442e-02 3.67795785e-02 3.31759843e-02 2.99626647e-02
2.70894471e-02 2.45218448e-02 2.22155267e-02 2.01464397e-02
1.82952984e-02 1.66315474e-02 1.51390798e-02 1.37946217e-02
1.25860124e-02 1.14937366e-02 1.05082339e-02 9.61639940e-03
8.81094947e-03 8.08315373e-03 7.42510416e-03 6.82775985e-03
6.28599443e-03 5.79385000e-03 5.34717482e-03 4.94030787e-03
4.57039700e-03 4.23251553e-03 3.92479948e-03 3.64337619e-03
3.38677754e-03 3.15179148e-03 2.93675713e-03 2.73988192e-03
2.55910264e-03 2.39353861e-03 2.24101416e-03 2.10072275e-03
1.97172451e-03 1.85296303e-03 1.74396190e-03 1.64338160e-03
1.55046684e-03 1.46480744e-03 1.38540510e-03 1.31181610e-03
1.24374644e-03 1.18063162e-03 1.12215770e-03 1.06809951e-03
1.01796961e-03 9.71401977e-04 9.28221916e-04 8.88207586e-04
8.50955094e-04 8.16295818e-04 7.84098627e-04 7.54201531e-04
7.26341179e-04 7.00398953e-04 6.76276760e-04 6.53879607e-04
6.33056633e-04 6.13673273e-04 5.95657535e-04 5.78940231e-04
5.63455006e-04 5.49133203e-04 5.35872161e-04 5.23612368e-04
5.12307883e-04 5.01915291e-04 4.92393728e-04 4.83704903e-04
4.75813123e-04 4.68684574e-04 4.62278495e-04 4.56566934e-04
4.51528552e-04 4.47144288e-04 4.43397365e-04 4.40273303e-04
4.37759921e-04 4.35847347e-04 4.34527993e-04 4.33796339e-04
