-2.90256693e+08 -2.44932466e+06 -2.57130912e+06 -2.74748356e+06
-2.97783204e+06 -3.26233018e+06 -3.60094715e+06 -3.99364605e+06
-4.44038400e+06 -4.94111222e+06 -5.49577596e+06 -6.10431465e+06
-6.76666176e+06 -7.48274490e+06 -8.25248582e+06 -9.07580037e+06
-9.95259859e+06 -1.08827846e+07 -1.18662568e+07 -1.36961823e+07
-1.60540160e+07 -1.85264103e+07 -2.11130949e+07 -2.38137871e+07
-2.65629762e+07 -2.74826531e+07 -2.84378519e+07 -2.94284683e+07
-3.04543939e+07 -3.19401741e+07 -3.39926585e+07 -3.61106030e+07
-3.82937761e+07 -4.01768987e+07 -4.17193318e+07 -4.33047731e+07
-4.49330492e+07 -4.61513747e+07 -4.73626683e+07 -4.86038567e+07
-4.94750433e+07 -5.01617092e+07 -5.08639388e+07 -5.12176760e+07
-5.13688731e+07 -5.15232314e+07 -5.12499026e+07 -5.08591889e+07
-5.03966932e+07 -4.93883653e+07 -4.83614613e+07 -4.70345025e+07
-4.54511302e+07 -4.38202248e+07 -4.19795815e+07 -4.01088289e+07
-3.79863827e+07 -3.57559948e+07 -3.34283445e+07 -3.09973716e+07
-2.86935975e+07 -2.67615061e+07 -2.48231820e+07 -2.29668048e+07
-2.11232075e+07 -1.96162129e+07 -1.81798516e+07 -1.77310039e+07
-1.73235546e+07 -1.72588395e+07 -1.73804066e+07 -1.82483893e+07
-1.94817974e+07 -2.14711831e+07 -2.36491546e+07 -2.60272707e+07
-2.90089546e+07 -3.22900460e+07 -3.62544921e+07 -4.03924208e+07
-4.49186045e+07 -4.96157184e+07 -5.45062517e+07 -5.94785263e+07
-6.45231462e+07 -6.97464740e+07 -7.49015473e+07 -7.99770034e+07
-8.48755651e+07 -8.96345481e+07 -9.40401244e+07 -9.82112005e+07
-1.02151258e+08 -1.05219564e+08 -1.08056425e+08 -1.10653764e+08
-1.12173988e+08 -1.13419345e+08 -1.14345912e+08 -1.13911572e+08
-1.13200846e+08 -1.12102317e+08 -1.09656794e+08 -1.06989827e+08
-1.03825427e+08 -9.93746224e+07 -9.49526781e+07 -9.00293134e+07
-8.42782033e+07 -7.84757753e+07 -7.24846241e+07 -6.63402627e+07
-6.01504198e+07 -5.41960929e+07 -4.84240443e+07 -4.28482931e+07
-3.77351416e+07 -3.30244783e+07 -2.86794895e+07 -2.46994954e+07
-2.13157381e+07 -1.82713866e+07 -1.55507482e+07 -1.31406923e+07
-1.12083520e+07 -9.50687946e+06 -8.01176259e+06 -6.70125106e+06
-5.67631231e+06 -4.78586854e+06 -4.01772711e+06 -3.36397990e+06
-2.82781782e+06 -2.38135716e+06 -2.00104321e+06 -1.67768462e+06
-1.40338601e+06 -1.18408499e+06 -9.96856048e+05 -8.37316848e+05
-7.01691725e+05 -5.92503181e+05 -4.99981455e+05 -4.21198955e+05
-3.54555997e+05 -2.98146843e+05 -2.52663127e+05 -2.13679420e+05
-1.80517768e+05 -1.52443976e+05 -1.29010882e+05 -1.09659485e+05
-9.29783673e+04 -7.86812559e+04 -6.65799474e+04 -5.67461682e+04
-4.83431800e+04 -4.11276941e+04 -3.49511617e+04 -2.97377056e+04
-2.54471962e+04 -2.17375454e+04 -1.85434469e+04 -1.58062338e+04
-1.35523527e+04 -1.16127689e+04 -9.95040095e+03 -8.53125796e+03
-7.30204077e+03 -6.30120631e+03 -5.41536499e+03 -4.64377253e+03
-4.00512655e+03 -3.45820201e+03 -2.98345572e+03 -2.57185965e+03
-2.21427482e+03 -1.92340801e+03 -1.66672398e+03 -1.44186176e+03
-1.24743631e+03 -1.08581897e+03 -9.43183448e+02 -8.18270004e+02
-7.11361586e+02 -6.22625435e+02 -5.42413931e+02 -4.71278847e+02
-4.13456169e+02 -3.61579064e+02 -3.15759979e+02 -2.76286969e+02
-2.42713463e+02 -2.13179418e+02 -1.86969655e+02 -1.64357930e+02
-1.44971484e+02 -1.27620068e+02 -1.12430134e+02 -9.95193646e+01
-8.78433192e+01 -7.74464852e+01 -6.88419748e+01 -6.09822756e+01
-5.38892519e+01 -4.81761415e+01 -4.28247746e+01 -3.78424896e+01
-3.39168971e+01 -3.02941680e+01 -2.69768353e+01 -2.41505767e+01
-2.15680787e+01 -1.93604088e+01 -1.73629627e+01 -1.55476379e+01
-1.40145977e+01 -1.25834082e+01 -1.13509152e+01 -1.02320848e+01
-9.20542629e+00 -8.35657802e+00 -7.55715495e+00 -6.85333329e+00
-6.19741064e+00 -5.62915057e+00 -5.11475305e+00 -4.64786956e+00
-4.24267160e+00 -3.86686331e+00 -3.54300381e+00 -3.23349921e+00
-2.96383692e+00 -2.70144511e+00 -2.48806760e+00 -2.28043224e+00
-2.10309680e+00 -1.93031440e+00 -1.78391321e+00 -1.64344025e+00
-1.52158305e+00 -1.40748565e+00 -1.30407820e+00 -1.20981894e+00
-1.12115693e+00 -1.04480236e+00 -9.69676704e-01 -9.06390825e-01
-8.45052270e-01 -7.89766245e-01 -7.40910089e-01 -6.92937715e-01
-6.50788480e-01 -6.09873246e-01 -5.71490862e-01 -5.39555517e-01
-5.08274209e-01 -4.79759194e-01 -4.55082764e-01 -4.30953243e-01
-4.08348369e-01 -3.87930422e-01 -3.68004254e-01 -3.48914640e-01
-3.33033610e-01 -3.17570360e-01 -3.02526581e-01 -2.89273012e-01
-2.77490320e-01 -2.66059672e-01 -2.54982314e-01 -2.45242013e-01
-2.36502558e-01 -2.28063890e-01 -2.19926929e-01 -2.12112135e-01
-2.05727717e-01 -1.99601253e-01 -1.93733414e-01 -1.88124839e-01
-1.82776143e-01 -1.78009010e-01 -1.73931683e-01 -1.70075272e-01
-1.66440199e-01 -1.63026861e-01 -1.59835632e-01 -1.56866860e-01
-1.54120869e-01 -1.51705996e-01 -1.49744799e-01 -1.47974309e-01
-1.46394719e-01 -1.45006202e-01 -1.43808910e-01 -1.42802973e-01
-1.41988499e-01 -1.41365576e-01 -1.40934260e-01 -1.40694501e-01
