-3.91935316e+11 -2.26378979e+11 -1.36500986e+11 -9.30861403e+10
-7.03397010e+10 -5.72681246e+10 -4.91588970e+10 -4.38141220e+10
-4.01179255e+10 -3.74609583e+10 -3.54895918e+10 -3.39879650e+10
-3.28185396e+10 -3.18904431e+10 -3.11418242e+10 -3.05294356e+10
-3.00219544e+10 -2.95970777e+10 -2.92375710e+10 -4.50942766e+10
-4.61548520e+10 -4.70734744e+10 -4.78745351e+10 -4.85769684e+10
-2.97778094e+10 -2.88694420e+10 -2.80606753e+10 -2.73373272e+10
-2.66877735e+10 -3.40722989e+10 -3.40180547e+10 -3.39688631e+10
-3.39240311e+10 -2.81953127e+10 -2.78565896e+10 -2.75459494e+10
-2.72602882e+10 -2.35966598e+10 -2.31981804e+10 -2.28294032e+10
-1.86739864e+10 -1.81896434e+10 -1.77388826e+10 -1.39441711e+10
-1.34134623e+10 -1.29170166e+10 -9.42918160e+09 -8.87834159e+09
-5.26860437e+09 -4.66294041e+09 -4.09265145e+09 -9.85966187e+08
-3.88481339e+08  1.13122409e+09  1.69855222e+09  2.23555190e+09
4.11868571e+09  4.64481354e+09  5.72869980e+09  6.22150541e+09
4.26913681e+09  4.64152341e+09  4.46292569e+09  4.78531607e+09
3.49635325e+09  3.74384859e+09 -2.97897578e+08 -1.91376641e+08
-1.59552738e+09 -1.53874172e+09 -4.97112645e+09 -5.01000634e+09
-9.08197894e+09 -9.21925611e+09 -1.05957185e+10 -1.07526238e+10
-1.39269020e+10 -1.41425043e+10 -1.68587554e+10 -1.85494537e+10
-1.88290424e+10 -2.00392815e+10 -2.03196265e+10 -2.07534341e+10
-2.15154854e+10 -2.17812572e+10 -2.12824892e+10 -2.15147622e+10
-2.09307722e+10 -1.94593078e+10 -1.96200247e+10 -1.85726318e+10
-1.55136591e+10 -1.55750795e+10 -1.43453439e+10 -1.08472336e+10
-1.08136039e+10 -9.28156495e+09 -4.90330010e+09 -4.76839808e+09
-3.28745667e+09  1.28769237e+09  1.51087627e+09  2.61590074e+09
7.52751182e+09  7.82496849e+09  7.92830722e+09  1.18360713e+10
1.21648540e+10  1.25523287e+10  1.36475947e+10  1.40235066e+10
1.43317366e+10  1.37238866e+10  1.30993903e+10  1.19833700e+10
1.22140932e+10  1.07933800e+10  9.45065096e+09  9.61923074e+09
8.13590811e+09  6.86250256e+09  5.74381429e+09  5.83896298e+09
4.63549444e+09  3.79641002e+09  3.14387801e+09  2.41915159e+09
2.45685298e+09  2.00223348e+09  1.58631150e+09  1.26394339e+09
1.28255824e+09  1.01478601e+09  7.99241264e+08  6.45744867e+08
6.54766728e+08  5.12654942e+08  4.06505109e+08  3.24944713e+08
2.55501379e+08  2.58887159e+08  2.09267689e+08  1.64751933e+08
1.32251046e+08  1.33916467e+08  1.06867695e+08  8.55449356e+07
6.77935930e+07  5.49376167e+07  5.55927245e+07  4.43069799e+07
3.60622618e+07  2.87242619e+07  2.31075481e+07  2.33686730e+07
1.88830086e+07  1.52201878e+07  1.23333471e+07  1.24661122e+07
1.00632964e+07  8.17775673e+06  6.61248902e+06  5.36861322e+06
5.42339810e+06  4.45595956e+06  3.51995948e+06  2.95900641e+06
2.98776431e+06  2.36335725e+06  2.00890360e+06  1.55070823e+06
1.56515699e+06  1.33878351e+06  1.08043504e+06  8.84620458e+05
7.16381092e+05  7.22699810e+05  6.02158118e+05  4.87010284e+05
4.04058070e+05  4.07457633e+05  3.37625628e+05  2.70944517e+05
2.73139340e+05  2.25185075e+05  1.92847123e+05  1.48828390e+05
1.49983489e+05  1.32359063e+05  1.04055018e+05  8.82243238e+04
8.88758531e+04  7.23561709e+04  6.04416345e+04  6.08713006e+04
4.99729984e+04  4.13267232e+04  4.16097305e+04  3.47111385e+04
2.88436152e+04  2.90335597e+04  2.37902064e+04  2.00796532e+04
2.02068832e+04  1.60567687e+04  1.44252835e+04  1.45129960e+04
1.10156915e+04  9.80731198e+03  9.86483610e+03  7.95499543e+03
6.67210023e+03  6.70984278e+03  5.59162166e+03  5.62227330e+03
4.67981236e+03  3.89218442e+03  3.91271842e+03  3.31097971e+03
3.32788314e+03  2.66090761e+03  2.33312642e+03  2.34457483e+03
1.92393990e+03  1.93309811e+03  1.61675424e+03  1.62420594e+03
1.33062866e+03  1.33657799e+03  1.12247718e+03  1.12733403e+03
9.76936864e+02  9.81015210e+02  7.91841217e+02  7.95047526e+02
6.77049299e+02  6.79696251e+02  5.65566276e+02  5.67704002e+02
4.72450238e+02  4.74175739e+02  4.02183346e+02  4.03599506e+02
3.35821308e+02  3.36962436e+02  3.38078269e+02  2.84256558e+02
2.85163014e+02  2.33995993e+02  2.34715419e+02  2.35417870e+02
2.08042826e+02  2.08638414e+02  1.68420894e+02  1.68884841e+02
1.69337050e+02  1.38627442e+02  1.38983476e+02  1.39330049e+02
1.23190120e+02  1.23482202e+02  1.23766027e+02  1.03256779e+02
1.03482570e+02  1.03701782e+02  1.03914108e+02  8.57129090e+01
8.58792154e+01  8.60399364e+01  8.61952669e+01  7.22590005e+01
7.23815126e+01  7.24994784e+01  7.26128926e+01  6.12186060e+01
6.13076464e+01  6.13928763e+01  6.14743252e+01  6.15519902e+01
6.16258781e+01  5.17409396e+01  5.17973769e+01  5.18506725e+01
5.19008171e+01  5.19478534e+01  5.19917286e+01  5.20324733e+01
5.20701229e+01  4.41422688e+01  4.41692595e+01  4.41935948e+01
4.42152749e+01  4.42343204e+01  4.42507354e+01  4.42645235e+01
4.42756666e+01  4.42842042e+01  4.42900960e+01  4.42933764e+01

