-2.90256693e+08 -2.44932466e+06 -2.57130912e+06 -2.74748356e+06
 -2.97783204e+06 -3.26233018e+06 -3.60094715e+06 -3.99364605e+06
 -4.44038400e+06 -4.94111222e+06 -5.49577596e+06 -6.10431465e+06
 -6.76666176e+06 -7.48274490e+06 -8.25248582e+06 -9.07580037e+06
 -9.95259859e+06 -1.08827846e+07 -1.18662568e+07 -1.36961823e+07
 -1.60540160e+07 -1.85264103e+07 -2.11130949e+07 -2.38137871e+07
 -2.65629762e+07 -2.74826531e+07 -2.84378519e+07 -2.94284683e+07
 -3.04543939e+07 -3.19401741e+07 -3.39926585e+07 -3.61106030e+07
 -3.82937761e+07 -4.01768987e+07 -4.17193318e+07 -4.33047731e+07
 -4.49330492e+07 -4.61513747e+07 -4.73626683e+07 -4.86038567e+07
 -4.94750433e+07 -5.01617092e+07 -5.08639388e+07 -5.12176760e+07
 -5.13688731e+07 -5.15232314e+07 -5.12499026e+07 -5.08591889e+07
 -5.03966932e+07 -4.93883653e+07 -4.83614613e+07 -4.70345025e+07
 -4.54511302e+07 -4.38202248e+07 -4.19795815e+07 -4.01088289e+07
 -3.79863827e+07 -3.57559948e+07 -3.34283445e+07 -3.09973716e+07
 -2.86935975e+07 -2.67615061e+07 -2.48231820e+07 -2.29668048e+07
 -2.11232075e+07 -1.96162129e+07 -1.81798516e+07 -1.77310039e+07
 -1.73235546e+07 -1.72588395e+07 -1.73804066e+07 -1.82483893e+07
 -1.94817974e+07 -2.14711831e+07 -2.36491546e+07 -2.60272707e+07
 -2.90089546e+07 -3.22900460e+07 -3.62544921e+07 -4.03924208e+07
 -4.49186045e+07 -4.96157184e+07 -5.45062517e+07 -5.94785263e+07
 -6.45231462e+07 -6.97464740e+07 -7.49015473e+07 -7.99770034e+07
 -8.48755651e+07 -8.96345481e+07 -9.40401244e+07 -9.82112005e+07
 -1.02151258e+08 -1.05219564e+08 -1.08056425e+08 -1.10653764e+08
 -1.12173988e+08 -1.13419345e+08 -1.14345912e+08 -1.13911572e+08
 -1.13200846e+08 -1.12102317e+08 -1.09656794e+08 -1.06989827e+08
 -1.03825427e+08 -9.93746224e+07 -9.49526781e+07 -9.00293134e+07
 -8.42782033e+07 -7.84757753e+07 -7.24846241e+07 -6.63402627e+07
 -6.01504198e+07 -5.41960929e+07 -4.84240443e+07 -4.28482931e+07
 -3.77351416e+07 -3.30244783e+07 -2.86794895e+07 -2.46994954e+07
 -2.13157381e+07 -1.82713866e+07 -1.55507482e+07 -1.31406923e+07
 -1.12083520e+07 -9.50687946e+06 -8.01176259e+06 -6.70125106e+06
 -5.67631231e+06 -4.78586854e+06 -4.01772711e+06 -3.36397990e+06
 -2.82781782e+06 -2.38135716e+06 -2.00104321e+06 -1.67768462e+06
 -1.40338601e+06 -1.18408499e+06 -9.96856048e+05 -8.37316848e+05
 -7.01691725e+05 -5.92503181e+05 -4.99981455e+05 -4.21198955e+05
 -3.54555997e+05 -2.98146843e+05 -2.52663127e+05 -2.13679420e+05
 -1.80517768e+05 -1.52443976e+05 -1.29010882e+05 -1.09659485e+05
 -9.29783673e+04 -7.86812559e+04 -6.65799474e+04 -5.67461682e+04
 -4.83431800e+04 -4.11276941e+04 -3.49511617e+04 -2.97377056e+04
 -2.54471962e+04 -2.17375454e+04 -1.85434469e+04 -1.58062338e+04
 -1.35523527e+04 -1.16127689e+04 -9.95040095e+03 -8.53125796e+03
 -7.30204077e+03 -6.30120631e+03 -5.41536499e+03 -4.64377253e+03
 -4.00512655e+03 -3.45820201e+03 -2.98345572e+03 -2.57185965e+03
 -2.21427482e+03 -1.92340801e+03 -1.66672398e+03 -1.44186176e+03
 -1.24743631e+03 -1.08581897e+03 -9.43183448e+02 -8.18270004e+02
 -7.11361586e+02 -6.22625435e+02 -5.42413931e+02 -4.71278847e+02
 -4.13456169e+02 -3.61579064e+02 -3.15759979e+02 -2.76286969e+02
 -2.42713463e+02 -2.13179418e+02 -1.86969655e+02 -1.64357930e+02
 -1.44971484e+02 -1.27620068e+02 -1.12430134e+02 -9.95193646e+01
 -8.78433192e+01 -7.74464852e+01 -6.88419748e+01 -6.09822756e+01
 -5.38892519e+01 -4.81761415e+01 -4.28247746e+01 -3.78424896e+01
 -3.39168971e+01 -3.02941680e+01 -2.69768353e+01 -2.41505767e+01
 -2.15680787e+01 -1.93604088e+01 -1.73629627e+01 -1.55476379e+01
 -1.40145977e+01 -1.25834082e+01 -1.13509152e+01 -1.02320848e+01
 -9.20542629e+00 -8.35657802e+00 -7.55715495e+00 -6.85333329e+00
 -6.19741064e+00 -5.62915057e+00 -5.11475305e+00 -4.64786956e+00
 -4.24267160e+00 -3.86686331e+00 -3.54300381e+00 -3.23349921e+00
 -2.96383692e+00 -2.70144511e+00 -2.48806760e+00 -2.28043224e+00
 -2.10309680e+00 -1.93031440e+00 -1.78391321e+00 -1.64344025e+00
 -1.52158305e+00 -1.40748565e+00 -1.30407820e+00 -1.20981894e+00
 -1.12115693e+00 -1.04480236e+00 -9.69676704e-01 -9.06390825e-01
 -8.45052270e-01 -7.89766245e-01 -7.40910089e-01 -6.92937715e-01
 -6.50788480e-01 -6.09873246e-01 -5.71490862e-01 -5.39555517e-01
 -5.08274209e-01 -4.79759194e-01 -4.55082764e-01 -4.30953243e-01
 -4.08348369e-01 -3.87930422e-01 -3.68004254e-01 -3.48914640e-01
 -3.33033610e-01 -3.17570360e-01 -3.02526581e-01 -2.89273012e-01
 -2.77490320e-01 -2.66059672e-01 -2.54982314e-01 -2.45242013e-01
 -2.36502558e-01 -2.28063890e-01 -2.19926929e-01 -2.12112135e-01
 -2.05727717e-01 -1.99601253e-01 -1.93733414e-01 -1.88124839e-01
 -1.82776143e-01 -1.78009010e-01 -1.73931683e-01 -1.70075272e-01
 -1.66440199e-01 -1.63026861e-01 -1.59835632e-01 -1.56866860e-01
 -1.54120869e-01 -1.51705996e-01 -1.49744799e-01 -1.47974309e-01
 -1.46394719e-01 -1.45006202e-01 -1.43808910e-01 -1.42802973e-01
 -1.41988499e-01 -1.41365576e-01 -1.40934260e-01 -1.40694501e-01]
[-3.91935316e+11 -2.26378979e+11 -1.36500986e+11 -9.30861403e+10
 -7.03397010e+10 -5.72681246e+10 -4.91588970e+10 -4.38141220e+10
 -4.01179255e+10 -3.74609583e+10 -3.54895918e+10 -3.39879650e+10
 -3.28185396e+10 -3.18904431e+10 -3.11418242e+10 -3.05294356e+10
 -3.00219544e+10 -2.95970777e+10 -2.92375710e+10 -4.50942766e+10
 -4.61548520e+10 -4.70734744e+10 -4.78745351e+10 -4.85769684e+10
 -2.97778094e+10 -2.88694420e+10 -2.80606753e+10 -2.73373272e+10
 -2.66877735e+10 -3.40722989e+10 -3.40180547e+10 -3.39688631e+10
 -3.39240311e+10 -2.81953127e+10 -2.78565896e+10 -2.75459494e+10
 -2.72602882e+10 -2.35966598e+10 -2.31981804e+10 -2.28294032e+10
 -1.86739864e+10 -1.81896434e+10 -1.77388826e+10 -1.39441711e+10
 -1.34134623e+10 -1.29170166e+10 -9.42918160e+09 -8.87834159e+09
 -5.26860437e+09 -4.66294041e+09 -4.09265145e+09 -9.85966187e+08
 -3.88481339e+08  1.13122409e+09  1.69855222e+09  2.23555190e+09
  4.11868571e+09  4.64481354e+09  5.72869980e+09  6.22150541e+09
  4.26913681e+09  4.64152341e+09  4.46292569e+09  4.78531607e+09
  3.49635325e+09  3.74384859e+09 -2.97897578e+08 -1.91376641e+08
 -1.59552738e+09 -1.53874172e+09 -4.97112645e+09 -5.01000634e+09
 -9.08197894e+09 -9.21925611e+09 -1.05957185e+10 -1.07526238e+10
 -1.39269020e+10 -1.41425043e+10 -1.68587554e+10 -1.85494537e+10
 -1.88290424e+10 -2.00392815e+10 -2.03196265e+10 -2.07534341e+10
 -2.15154854e+10 -2.17812572e+10 -2.12824892e+10 -2.15147622e+10
 -2.09307722e+10 -1.94593078e+10 -1.96200247e+10 -1.85726318e+10
 -1.55136591e+10 -1.55750795e+10 -1.43453439e+10 -1.08472336e+10
 -1.08136039e+10 -9.28156495e+09 -4.90330010e+09 -4.76839808e+09
 -3.28745667e+09  1.28769237e+09  1.51087627e+09  2.61590074e+09
  7.52751182e+09  7.82496849e+09  7.92830722e+09  1.18360713e+10
  1.21648540e+10  1.25523287e+10  1.36475947e+10  1.40235066e+10
  1.43317366e+10  1.37238866e+10  1.30993903e+10  1.19833700e+10
  1.22140932e+10  1.07933800e+10  9.45065096e+09  9.61923074e+09
  8.13590811e+09  6.86250256e+09  5.74381429e+09  5.83896298e+09
  4.63549444e+09  3.79641002e+09  3.14387801e+09  2.41915159e+09
  2.45685298e+09  2.00223348e+09  1.58631150e+09  1.26394339e+09
  1.28255824e+09  1.01478601e+09  7.99241264e+08  6.45744867e+08
  6.54766728e+08  5.12654942e+08  4.06505109e+08  3.24944713e+08
  2.55501379e+08  2.58887159e+08  2.09267689e+08  1.64751933e+08
  1.32251046e+08  1.33916467e+08  1.06867695e+08  8.55449356e+07
  6.77935930e+07  5.49376167e+07  5.55927245e+07  4.43069799e+07
  3.60622618e+07  2.87242619e+07  2.31075481e+07  2.33686730e+07
  1.88830086e+07  1.52201878e+07  1.23333471e+07  1.24661122e+07
  1.00632964e+07  8.17775673e+06  6.61248902e+06  5.36861322e+06
  5.42339810e+06  4.45595956e+06  3.51995948e+06  2.95900641e+06
  2.98776431e+06  2.36335725e+06  2.00890360e+06  1.55070823e+06
  1.56515699e+06  1.33878351e+06  1.08043504e+06  8.84620458e+05
  7.16381092e+05  7.22699810e+05  6.02158118e+05  4.87010284e+05
  4.04058070e+05  4.07457633e+05  3.37625628e+05  2.70944517e+05
  2.73139340e+05  2.25185075e+05  1.92847123e+05  1.48828390e+05
  1.49983489e+05  1.32359063e+05  1.04055018e+05  8.82243238e+04
  8.88758531e+04  7.23561709e+04  6.04416345e+04  6.08713006e+04
  4.99729984e+04  4.13267232e+04  4.16097305e+04  3.47111385e+04
  2.88436152e+04  2.90335597e+04  2.37902064e+04  2.00796532e+04
  2.02068832e+04  1.60567687e+04  1.44252835e+04  1.45129960e+04
  1.10156915e+04  9.80731198e+03  9.86483610e+03  7.95499543e+03
  6.67210023e+03  6.70984278e+03  5.59162166e+03  5.62227330e+03
  4.67981236e+03  3.89218442e+03  3.91271842e+03  3.31097971e+03
  3.32788314e+03  2.66090761e+03  2.33312642e+03  2.34457483e+03
  1.92393990e+03  1.93309811e+03  1.61675424e+03  1.62420594e+03
  1.33062866e+03  1.33657799e+03  1.12247718e+03  1.12733403e+03
  9.76936864e+02  9.81015210e+02  7.91841217e+02  7.95047526e+02
  6.77049299e+02  6.79696251e+02  5.65566276e+02  5.67704002e+02
  4.72450238e+02  4.74175739e+02  4.02183346e+02  4.03599506e+02
  3.35821308e+02  3.36962436e+02  3.38078269e+02  2.84256558e+02
  2.85163014e+02  2.33995993e+02  2.34715419e+02  2.35417870e+02
  2.08042826e+02  2.08638414e+02  1.68420894e+02  1.68884841e+02
  1.69337050e+02  1.38627442e+02  1.38983476e+02  1.39330049e+02
  1.23190120e+02  1.23482202e+02  1.23766027e+02  1.03256779e+02
  1.03482570e+02  1.03701782e+02  1.03914108e+02  8.57129090e+01
  8.58792154e+01  8.60399364e+01  8.61952669e+01  7.22590005e+01
  7.23815126e+01  7.24994784e+01  7.26128926e+01  6.12186060e+01
  6.13076464e+01  6.13928763e+01  6.14743252e+01  6.15519902e+01
  6.16258781e+01  5.17409396e+01  5.17973769e+01  5.18506725e+01
  5.19008171e+01  5.19478534e+01  5.19917286e+01  5.20324733e+01
  5.20701229e+01  4.41422688e+01  4.41692595e+01  4.41935948e+01
  4.42152749e+01  4.42343204e+01  4.42507354e+01  4.42645235e+01
  4.42756666e+01  4.42842042e+01  4.42900960e+01  4.42933764e+01]
[1.62162704e+07 1.60993030e+07 1.58911079e+07 1.55954012e+07
 1.52174546e+07 1.47638947e+07 1.42424976e+07 1.36619569e+07
 1.30316337e+07 1.23612975e+07 1.16608687e+07 1.09401720e+07
 1.02087101e+07 9.47546274e+06 8.74871869e+06 8.03594220e+06
 7.34367665e+06 6.67748475e+06 6.04192367e+06 5.44055215e+06
 4.87596548e+06 4.34985380e+06 3.86307859e+06 3.41576221e+06
 3.00738576e+06 2.63689057e+06 2.30277931e+06 2.00321363e+06
 1.73610540e+06 1.49919979e+06 1.29014877e+06 1.10657450e+06
 9.46122210e+05 8.06503035e+05 6.85527238e+05 5.81128708e+05
 4.91381677e+05 4.14510736e+05 3.48895202e+05 2.93068892e+05
 2.45716292e+05 2.05665984e+05 1.71882146e+05 1.43454772e+05
 1.19589178e+05 9.95952492e+04 8.28767778e+04 6.89211575e+04
 5.72896255e+04 4.76081775e+04 3.95592305e+04 3.28740649e+04
 2.73260481e+04 2.27246150e+04 1.89099669e+04 1.57484389e+04
 1.31284783e+04 1.09571757e+04 9.15728908e+03 7.66470491e+03
 6.42628036e+03 5.39801882e+03 4.54353217e+03 3.83274948e+03
 3.24083605e+03 2.74729108e+03 2.33519626e+03 1.99059154e+03
 1.70195759e+03 1.45978736e+03 1.25623208e+03 1.08480906e+03
 9.40160769e+02 8.17856431e+02 7.14228679e+02 6.26239204e+02
 5.51368261e+02 4.87523830e+02 4.32966935e+02 3.86250246e+02
 3.46167598e+02 3.11712456e+02 2.82043754e+02 2.56457760e+02
 2.34364910e+02 2.15270708e+02 1.98759989e+02 1.84483921e+02
 1.72149292e+02 1.61509654e+02 1.52358024e+02 1.44520857e+02
 1.37853082e+02 1.32234031e+02 1.27564095e+02 1.23762016e+02
 1.20762707e+02 1.18515517e+02 1.16982882e+02 1.16139089e+02]